[[0.68803925 0.31196075]
 [0.72384545 0.27615455]
 [0.79782377 0.20217623]
 [0.7497101  0.2502899 ]
 [0.71583244 0.28416756]
 [0.69793649 0.30206351]
 [0.72273215 0.27726785]
 [0.71319273 0.28680727]
 [0.7495933  0.2504067 ]
 [0.78759363 0.21240637]
 [0.7703558  0.2296442 ]
 [0.75443048 0.24556952]
 [0.78205194 0.21794806]
 [0.73658496 0.26341504]
 [0.74068743 0.25931257]
 [0.76797711 0.23202289]
 [0.66988147 0.33011853]]
[[0.28954612 0.71045388]
 [0.28277693 0.71722307]
 [0.20847076 0.79152924]
 [0.26209265 0.73790735]
 [0.23892795 0.76107205]
 [0.35173878 0.64826122]
 [0.26960434 0.73039566]
 [0.29822008 0.70177992]
 [0.24101479 0.75898521]
 [0.20310902 0.79689098]
 [0.21659644 0.78340356]
 [0.25558832 0.74441168]
 [0.2244843  0.7755157 ]
 [0.23994037 0.76005963]
 [0.26252889 0.73747111]
 [0.21943984 0.78056016]
 [0.29056142 0.70943858]]
--------------------------------------------------
Player: ./data/td/pp_erik_karlsson.csv
Target: 1.5_over
Confusion matrix:
 [[ 14  30]
 [ 47 135]]
Accuracy: 0.605	Precision accuracy: 0.748
Odds edge: 1.6 - 1.337 = 0.263
--------------------------------------------------
[[0.50906705 0.49093295]
 [0.5        0.5       ]
 [0.56758747 0.43241253]
 [0.54746931 0.45253069]
 [0.49062252 0.50937748]
 [0.5        0.5       ]
 [0.51857282 0.48142718]
 [0.48579264 0.51420736]
 [0.54621169 0.45378831]
 [0.59850504 0.40149496]
 [0.54857234 0.45142766]
 [0.52024669 0.47975331]
 [0.52752122 0.47247878]
 [0.52442395 0.47557605]
 [0.54154952 0.45845048]
 [0.58237635 0.41762365]
 [0.52621727 0.47378273]]
[[0.48864666 0.51135334]
 [0.5        0.5       ]
 [0.43707038 0.56292962]
 [0.45492257 0.54507743]
 [0.5        0.5       ]
 [0.5        0.5       ]
 [0.48031485 0.51968515]
 [0.50903343 0.49096657]
 [0.45601257 0.54398743]
 [0.40902287 0.59097713]
 [0.45393938 0.54606062]
 [0.47883399 0.52116601]
 [0.47246601 0.52753399]
 [0.47517567 0.52482433]
 [0.46013444 0.53986556]
 [0.42377338 0.57622662]
 [0.47361516 0.52638484]]
--------------------------------------------------
Player: ./data/td/pp_erik_karlsson.csv
Target: 2.5_over
Confusion matrix:
 [[52 35]
 [66 73]]
Accuracy: 0.541	Precision accuracy: 0.593
Odds edge: 2.6 - 1.686 = 0.914
--------------------------------------------------
[[0.35467784 0.64532216]
 [0.23397805 0.76602195]
 [0.30921291 0.69078709]
 [0.22052054 0.77947946]
 [0.24277315 0.75722685]
 [0.27042508 0.72957492]
 [0.32491426 0.67508574]
 [0.30022075 0.69977925]
 [0.29021349 0.70978651]]
[[0.55893143 0.44106857]
 [0.74368256 0.25631744]
 [0.64290655 0.35709345]
 [0.77066206 0.22933794]
 [0.73896228 0.26103772]
 [0.69755304 0.30244696]
 [0.6614431  0.3385569 ]
 [0.62988851 0.37011149]
 [0.69788195 0.30211805]]
--------------------------------------------------
Player: ./data/td/pp_connor_brown.csv
Target: 2.5_under
Confusion matrix:
 [[10 20]
 [16 80]]
Accuracy: 0.653	Precision accuracy: 0.812
Odds edge: 1.54 - 1.232 = 0.308
--------------------------------------------------
--------------------------------------------------
Player: ./data/td/pp_connor_brown.csv
Target: 2.5_over
Confusion matrix:
 [[81 15]
 [20 10]]
Accuracy: 0.711	Precision accuracy: 0.723
Odds edge: 2.34 - 1.383 = 0.957
--------------------------------------------------
[[0.60701357 0.39298643]
 [0.46290426 0.53709574]
 [0.66322068 0.33677932]
 [0.61923699 0.38076301]
 [0.55174697 0.44825303]
 [0.64878971 0.35121029]
 [0.54291663 0.45708337]
 [0.60295109 0.39704891]
 [0.68566705 0.31433295]]
[[0.40529055 0.59470945]
 [0.53562475 0.46437525]
 [0.35277765 0.64722235]
 [0.39360168 0.60639832]
 [0.45630083 0.54369917]
 [0.36387305 0.63612695]
 [0.46419428 0.53580572]
 [0.40919349 0.59080651]
 [0.33499791 0.66500209]]
--------------------------------------------------
Player: ./data/td/pp_connor_brown.csv
Target: 1.5_under
Confusion matrix:
 [[35 32]
 [30 29]]
Accuracy: 0.497	Precision accuracy: 0.545
Odds edge: 2.0 - 1.835 = 0.165
--------------------------------------------------
[[0.24212293 0.75787707]
 [0.24764702 0.75235298]
 [0.26438232 0.73561768]
 [0.24984543 0.75015457]
 [0.24407063 0.75592937]
 [0.25150512 0.74849488]
 [0.25910272 0.74089728]
 [0.26278141 0.73721859]]
[[0.7514188  0.2485812 ]
 [0.74355529 0.25644471]
 [0.71952978 0.28047022]
 [0.74042289 0.25957711]
 [0.74865058 0.25134942]
 [0.73804802 0.26195198]
 [0.72714267 0.27285733]
 [0.72184341 0.27815659]]
--------------------------------------------------
Player: ./data/td/pp_carter_verhaeghe.csv
Target: 2.5_under
Confusion matrix:
 [[ 1  7]
 [ 1 23]]
Accuracy: 0.744	Precision accuracy: 0.804
Odds edge: 1.65 - 1.244 = 0.406
--------------------------------------------------
--------------------------------------------------
Player: ./data/td/pp_carter_verhaeghe.csv
Target: 2.5_over
Confusion matrix:
 [[23  1]
 [ 7  1]]
Accuracy: 0.744	Precision accuracy: 0.467
Odds edge: 2.16 - 2.141 = 0.019
--------------------------------------------------
[[0.34044749 0.65955251]
 [0.3426477  0.6573523 ]
 [0.32439444 0.67560556]
 [0.30138041 0.69861959]
 [0.32512693 0.67487307]
 [0.30222886 0.69777114]
 [0.33221108 0.66778892]
 [0.30141234 0.69858766]
 [0.35923762 0.64076238]
 [0.31200114 0.68799886]
 [0.30176799 0.69823201]
 [0.27500591 0.72499409]
 [0.36455626 0.63544374]
 [0.26895704 0.73104296]]
[[0.66352085 0.33647915]
 [0.65938138 0.34061862]
 [0.66038164 0.33961836]
 [0.68273866 0.31726134]
 [0.66377253 0.33622747]
 [0.66983074 0.33016926]
 [0.66324365 0.33675635]
 [0.67170725 0.32829275]
 [0.64523302 0.35476698]
 [0.66620702 0.33379298]
 [0.66785901 0.33214099]
 [0.67944137 0.32055863]
 [0.65437813 0.34562187]
 [0.6839827  0.3160173 ]]
--------------------------------------------------
Player: ./data/td/pp_anthony_beauvillier.csv
Target: 2.5_under
Confusion matrix:
 [[ 6 17]
 [18 71]]
Accuracy: 0.563	Precision accuracy: 0.748
Odds edge: 1.52 - 1.337 = 0.183
--------------------------------------------------
[[0.12460505 0.87539495]
 [0.12079258 0.87920742]
 [0.11875745 0.88124255]
 [0.1318779  0.8681221 ]
 [0.11364993 0.88635007]
 [0.11639426 0.88360574]
 [0.12590623 0.87409377]
 [0.11574071 0.88425929]
 [0.10472946 0.89527054]
 [0.11943386 0.88056614]
 [0.13280702 0.86719298]
 [0.11681445 0.88318555]
 [0.10945425 0.89054575]
 [0.11311747 0.88688253]]
[[0.86118941 0.13881059]
 [0.8705734  0.1294266 ]
 [0.84436534 0.15563466]
 [0.85866624 0.14133376]
 [0.87039289 0.12960711]
 [0.83816734 0.16183266]
 [0.83405543 0.16594457]
 [0.85117631 0.14882369]
 [0.88917423 0.11082577]
 [0.85305433 0.14694567]
 [0.85847032 0.14152968]
 [0.82623985 0.17376015]
 [0.89995504 0.10004496]
 [0.86707225 0.13292775]]
--------------------------------------------------
Player: ./data/td/pp_anthony_beauvillier.csv
Target: 3.5_under
Confusion matrix:
 [[12  2]
 [55 43]]
Accuracy: 0.578	Precision accuracy: 0.905
Odds edge: 1.55 - 1.105 = 0.445
--------------------------------------------------
[[0.57356104 0.42643896]
 [0.59174148 0.40825852]
 [0.59774515 0.40225485]
 [0.60097756 0.39902244]
 [0.58983015 0.41016985]
 [0.54402169 0.45597831]
 [0.58228585 0.41771415]
 [0.57208602 0.42791398]
 [0.64987657 0.35012343]
 [0.6009533  0.3990467 ]
 [0.58362385 0.41637615]
 [0.63309182 0.36690818]
 [0.59346939 0.40653061]
 [0.63845026 0.36154974]]
[[0.44877253 0.55122747]
 [0.44987626 0.55012374]
 [0.45338721 0.54661279]
 [0.44185406 0.55814594]
 [0.4512928  0.5487072 ]
 [0.44893835 0.55106165]
 [0.44940137 0.55059863]
 [0.45064791 0.54935209]
 [0.45975126 0.54024874]
 [0.45548224 0.54451776]
 [0.44693007 0.55306993]
 [0.45713715 0.54286285]
 [0.45578736 0.54421264]
 [0.46079908 0.53920092]]
--------------------------------------------------
Player: ./data/td/pp_anthony_beauvillier.csv
Target: 1.5_under
Confusion matrix:
 [[35 22]
 [29 26]]
Accuracy: 0.531	Precision accuracy: 0.557
Odds edge: 2.45 - 1.795 = 0.655
--------------------------------------------------
